iter Je Js Jv Jw Jtao Jc Jt

1 370744 0 398519 1.70028e+06 0 0.00525422 24340.8
2 2037.84 0 0 0 0 0 51124.8
3 2052.47 0 0 0 0 0 50975
4 2112.15 0 0 0 0 0 50380.4
5 2371.26 0 5816.56 0 0 0 48070.6
6 2153.47 0 0 0 0 0 49983.4
7 2294.48 0 3114.98 0 0 0 48712.4
8 2172.26 0 72.0448 0 0 0 49806.7
9 2176.23 0 0.00160105 0 0 0 49370.3
10 281529 0 382581 1.21868e+06 0 9.45189 25518.5
11 2520.02 0 124.835 0 0 0 40970.4
12 40615.3 0 55530.7 37400.1 0 0 30251.9
13 3835.36 0 2453.16 0 0 0 37431.7
14 2928.38 0 562.613 0 0 0 39152.3
15 3525.51 0 0 0 0 0 36931.3
16 4668.2 0 0 0 0 0 35572.9
17 4013.84 0 0 0 0 0 35802.5
18 2944.23 0 0 0 0 0 35528.2
19 1887.94 0.110743 0 0 0 0 35039.9
20 1876.92 3.57778e+12 64891.4 0 0 0 33255.7
21 1875.27 0.152292 0 0 0 0 35021.5
22 1518.69 1.62856e+09 23182.9 0 0 0 33843.4
23 1867.08 0.179417 0 0 0 0 35009.5
24 1514.58 323.824 5654.85 0 0 0 34234.4
25 1742.9 0.62217 0 0 0 0 34812.7
26 1565.02 2.24266 840.907 0 0 0 34429.7
27 1647.39 1.02666 0 0 0 0 34632.1
28 6663.65 1.9958e+18 345390 0 0 0 30379.8
29 1627.24 1.10437 0 0 0 0 34586
30 1311.59 2.66847e+12 46965.8 0 0 0 33207.7
31 1621.14 1.13832 0 0 0 0 34571.9
32 1334.91 1.49772e+09 21872.9 0 0 0 33663.9
33 1617.18 1.16483 0 0 0 0 34562.7
34 1402.14 7.16379e+08 9852.39 0 0 0 33966.2
35 1614.6 1.18412 0 0 0 0 34556.6
36 1463.67 201.893 4333.98 0 0 0 34165.5
37 1605.16 1.26846 0 0 0 0 34534.5
38 1507.97 2.49491 1815.06 0 0 0 34290.4
39 1592.68 1.40823 0 0 0 0 34504.8
40 1535.55 2.12688 790.465 0 0 0 34363.1
41 1584.15 1.51226 0 0 0 0 34484.3
42 1551.7 1.9184 366.672 0 0 0 34404.2
43 1578.7 1.57934 0.0286733 0 0 0 34471.1
44 1565.45 1.74432 103.57 0 0 0 34438.6
45 1576.51 1.60647 1.90299 0 0 0 34465.7
46 1032.61 267.264 2107.8 0 0 0 33829.9
47 1347.24 1.81603 178.132 0 0 0 34303.5
48 55124.4 4.16438e+09 100072 79915.4 0 3127.37 31586.2
49 1287.61 1.81712 156.626 0 0 0 34274.9
50 1148.4 16.8242 0.0229621 0 0 0 33915.4
51 1371.61 307.472 1365.98 0 0 0 33212.8
52 1187.51 71.2442 6.3204 0 0 0 33740.9
53 1456.63 5.03686e+08 3082.01 0 0 0 32888.7
54 1188.7 75.3782 6.90701 0 0 0 33732.2
55 1328.89 361.147 871.242 0 0 0 33172.5
56 1206.33 131.55 22.6901 0 0 0 33621.7
57 1371.85 5.08508e+08 540.494 0 0 0 33017.3
58 1206.52 135.405 22.6627 0 0 0 33615.5
59 1280.55 383015 141.415 0 0 0 33219.2
60 1206.66 137.922 22.653 0 0 0 33611.5
61 1241.38 301.14 53.8215 0 0 0 33351.9
62 1353.38 7.49012e+08 54.1534 0 0 0 32936.8
63 1241.76 305.696 53.1728 0 0 0 33347.8
64 1241.46 302.075 53.6867 0 0 0 33351.1
65 1241.39 301.332 53.7937 0 0 0 33351.8
66 1241.38 301.179 53.8158 0 0 0 33351.9
67 1241.38 301.148 53.8203 0 0 0 33351.9
68 1241.38 301.141 53.8212 0 0 0 33351.9
69 1241.38 301.14 53.8214 0 0 0 33351.9
70 1241.38 301.14 53.8215 0 0 0 33351.9
71 1241.38 301.14 53.8215 0 0 0 33351.9
72 1241.38 301.14 53.8215 0 0 0 33351.9
73 1241.38 301.14 53.8215 0 0 0 33351.9
74 1241.38 301.14 53.8215 0 0 0 33351.9
75 1241.38 301.14 53.8215 0 0 0 33351.9
76 1241.38 301.14 53.8215 0 0 0 33351.9
77 1241.38 301.14 53.8215 0 0 0 33351.9
78 1241.38 301.14 53.8215 0 0 0 33351.9
79 1241.38 301.14 53.8215 0 0 0 33351.9
80 1241.38 301.14 53.8215 0 0 0 33351.9
81 1241.38 301.14 53.8215 0 0 0 33351.9
82 1241.38 301.14 53.8215 0 0 0 33351.9
83 1241.38 301.14 53.8215 0 0 0 33351.9
84 1241.38 301.14 53.8215 0 0 0 33351.9
85 1241.38 301.14 53.8215 0 0 0 33351.9
86 1241.38 301.14 53.8215 0 0 0 33351.9
87 1241.38 301.14 53.8215 0 0 0 33351.9
88 1241.38 301.14 53.8215 0 0 0 33351.9
89 1241.38 301.14 53.8215 0 0 0 33351.9
90 1241.38 301.14 53.8215 0 0 0 33351.9
91 1241.38 301.14 53.8215 0 0 0 33351.9
92 1241.38 301.14 53.8215 0 0 0 33351.9
93 1241.38 301.14 53.8215 0 0 0 33351.9
94 1241.38 301.14 53.8215 0 0 0 33351.9
95 1241.38 301.14 53.8215 0 0 0 33351.9
96 1241.38 301.14 53.8215 0 0 0 33351.9
97 1241.38 301.14 53.8215 0 0 0 33351.9
98 1241.38 301.14 53.8215 0 0 0 33351.9
99 1241.38 301.14 53.8215 0 0 0 33351.9
100 1241.38 301.14 53.8215 0 0 0 33351.9
101 1241.38 301.14 53.8215 0 0 0 33351.9
102 1241.38 301.14 53.8215 0 0 0 33351.9
103 1241.38 301.14 53.8215 0 0 0 33351.9
104 1241.38 301.14 53.8215 0 0 0 33351.9
105 1241.38 301.14 53.8215 0 0 0 33351.9
106 1241.38 301.14 53.8215 0 0 0 33351.9
107 1241.38 301.14 53.8215 0 0 0 33351.9
108 1241.38 301.14 53.8215 0 0 0 33351.9
109 1241.38 301.14 53.8215 0 0 0 33351.9
110 1241.38 301.14 53.8215 0 0 0 33351.9
111 1241.38 301.14 53.8215 0 0 0 33351.9
112 1241.38 301.14 53.8215 0 0 0 33351.9
113 1241.38 301.14 53.8215 0 0 0 33351.9
114 1241.38 301.14 53.8215 0 0 0 33351.9
115 1241.38 301.14 53.8215 0 0 0 33351.9
116 1241.38 301.14 53.8215 0 0 0 33351.9
117 1241.38 301.14 53.8215 0 0 0 33351.9
118 1241.38 301.14 53.8215 0 0 0 33351.9
119 1241.38 301.14 53.8215 0 0 0 33351.9
120 1241.38 301.14 53.8215 0 0 0 33351.9
121 1241.38 301.14 53.8215 0 0 0 33351.9


0
5275.71
4791.92
2858.2
4901.38
2168.65
2098.44
1420.09
373.644
1280.51
4972.62
1514.89
1312.29
1287.86
9877.6
1449.79
1290.95
1287.92
1287.87
1287.86
1287.86
1287.86
1287.86
1287.86
1287.86
1287.86
1287.86
1287.86
1287.86
1287.86
1287.86
1287.86
1287.86
1287.86
1287.86
1287.86
1287.86
1287.86
1287.86
1287.86
1287.86
1287.86
1287.86
1287.86
1287.86
1287.86
1287.86
1287.86
1287.86
1287.86
1287.86
1287.86
1287.86
1287.86
1287.86
1287.86
1287.86
1287.86
1287.86
1287.86
1287.86
1287.86
1287.86
1287.86
1287.86
1287.86
1287.86
1287.86
1287.86
1287.86
1287.86
1287.86
1287.86
1287.86

