-7.02912e-06 -4.36413e-10 4
0.66501 0.0377862 3.93542
1.472 0.0866603 3.83856
2.1089 0.0877507 3.74743
2.86373 0.0318179 3.63954
3.552 0.0500808 3.57185
4.27922 0.101862 3.52344
4.98707 0.08077 3.42935
5.69091 0.114917 3.28183
6.38456 0.233847 3.13633
7.08066 0.352708 3.00265
7.77452 0.427388 2.83005
8.47236 0.473759 2.66695
9.16382 0.59338 2.49741
9.86626 0.660342 2.41051
10.5917 0.680912 2.32516
11.2594 0.741084 2.14136
11.9765 0.87532 1.92462
12.6019 0.988439 1.79389
13.3871 1.07401 1.67136
14.0297 1.19152 1.54378
